101
133
109
118
188
137
164
138
123
135
141
160
102
181
165
119
162
173
189
177
135
115
135
169
136
106
171
171
193
192
107
163
103
109
196
179
191
103
161
107
160
153
185
176
114
187
129
180
135
113
195
111
145
125
156
150
135
185
197
139
122
179
175
198
118
123
190
116
156
152
101
122
185
153
188
145
101
172
187
157
117
181
169
135
190
126
159
138
130
126
105
116
162
181
105
105
171
111
134
156
185
141
139
108
187
168
123
150
191
103
146
146
189
162
128
178
123
103
102
141
105
133
140
133
132
134
115
193
161
160
101
142
133
130
194
166
188
170
169
116
116
175
174
163
191
140
162
155
126
131
104
192
125
159
195
189
149
137
117
188
199
123
153
138
125
123
100
147
114
187
116
128
126
166
133
160
109
104
114
104
165
197
192
112
158
146
144
196
141
125
146
154
100
146
186
141
153
103
119
156
174
155
